Movie Report
------------

Frame #    Frame Bytes    Total Bytes    Page
-------    -----------    -----------    ---------------
    1            28             28        Scene 1
    2            20             48          2
    3            15             63          3
    4         27145          27208          4
    5           102          27310          5
    6             2          27312          6
    7             2          27314          7
    8             2          27316          8
    9             2          27318          9
   10             2          27320          10
   11             2          27322          11
   12             2          27324          12
   13             2          27326          13
   14             2          27328          14
   15             2          27330          15
   16             2          27332          16
   17             2          27334          17
   18             2          27336          18
   19             2          27338          19
   20             2          27340          20
   21             2          27342          21
   22             2          27344          22
   23             2          27346          23
   24             2          27348          24
   25             2          27350          25
   26             2          27352          26
   27             2          27354          27
   28             2          27356          28
   29             2          27358          29
   30             2          27360          30
   31             2          27362          31

Page                       Shape Bytes    Text Bytes
-----------------------    -----------    ----------
Scene 1                          47          1438

Symbol                     Shape Bytes    Text Bytes
-----------------------    -----------    ----------
Length                            0             0
Chr                               0             0
Ord                               0             0
Substring                         0             0
Comment                           0             0
Button > Submit                 323            48

Font Name                  Bytes       Characters
-----------------------    --------    -----------
Verdana Italic                 30         
Verdana                     22370         !"#$%&'()*+,-./0123456789:;<=>?@ABCDEFGHIJKLMNOPQRSTUVWXYZ[\]^_`abcdefghijklmnopqrstuvwxyz{|}~€‚ƒ„…†‡‰‹‘’“”•–—™› ΅Ά£¤¥¦§¨©«¬­®―°±²³΄µ¶·ΈΉΊ»Ό½ΎΏΐΑΒΓΔΕΖΗΘΙΚΛΜΝΞΟΠΡΣΤΥΦΧΨΩΪΫάέήίΰαβγδεζηθικλμνξοπρςστυφχψωϊϋόύώ
