Movie Report
------------

Frame #    Frame Bytes    Total Bytes    Page
-------    -----------    -----------    ---------------
    1        127927         127927        Scene 1
    2             6         127933          2
    3             2         127935          3
    4           239         128174          4
    5             6         128180          5
    6             2         128182          6
    7             2         128184          7
    8             2         128186          8
    9             2         128188          9
   10           251         128439          10
   11             6         128445          11
   12           261         128706          12
   13             6         128712          13
   14             2         128714          14
   15             2         128716          15
   16             2         128718          16
   17             2         128720          17
   18           360         129080          18
   19           336         129416          19
   20           162         129578          20
   21            22         129600          21
   22            23         129623          22
   23           161         129784          23
   24             6         129790          24
   25           160         129950          25
   26             6         129956          26
   27             2         129958          27
   28             2         129960          28
   29             2         129962          29
   30           278         130240          30
   31             6         130246          31
   32             2         130248          32
   33            19         130267          33
   34             6         130273          34
   35             2         130275          35
   36            19         130294          36
   37             6         130300          37
   38             2         130302          38
   39             2         130304          39
   40             2         130306          40
   41             2         130308          41
   42            19         130327          42
   43             6         130333          43
   44           261         130594          44
   45             6         130600          45
   46             2         130602          46
   47             2         130604          47
   48             2         130606          48
   49             2         130608          49
   50           357         130965          50
   51           312         131277          51
   52             6         131283          52
   53             2         131285          53
   54             2         131287          54
   55            19         131306          55
   56             6         131312          56
   57             2         131314          57
   58             2         131316          58
   59            19         131335          59
   60             6         131341          60
   61             2         131343          61
   62            19         131362          62
   63             6         131368          63
   64             2         131370          64
   65             2         131372          65
   66             2         131374          66
   67             2         131376          67
   68            19         131395          68
   69             6         131401          69
   70            19         131420          70
   71             6         131426          71
   72             2         131428          72
   73             2         131430          73
   74             2         131432          74
   75             2         131434          75
   76            19         131453          76
   77            23         131476          77
   78            23         131499          78
   79            22         131521          79
   80            23         131544          80
   81            19         131563          81
   82             6         131569          82
   83            19         131588          83
   84             6         131594          84
   85             2         131596          85
   86             2         131598          86
   87             2         131600          87
   88            19         131619          88
   89             6         131625          89
   90             2         131627          90
   91            19         131646          91
   92             6         131652          92
   93             2         131654          93
   94            19         131673          94
   95             6         131679          95
   96             2         131681          96
   97             2         131683          97
   98             2         131685          98
   99             2         131687          99
  100            19         131706          100
  101             6         131712          101
  102            19         131731          102
  103             6         131737          103
  104             2         131739          104
  105             2         131741          105
  106             2         131743          106
  107             2         131745          107
  108            19         131764          108
  109             9         131773          109
  110             6         131779          110
  111             2         131781          111
  112             2         131783          112
  113            19         131802          113
  114             6         131808          114
  115             2         131810          115
  116             2         131812          116
  117            19         131831          117
  118             6         131837          118
  119             2         131839          119
  120            19         131858          120
  121             6         131864          121
  122             2         131866          122

Page                       Shape Bytes    Text Bytes
-----------------------    -----------    ----------
Scene 1                           0             0

Embedded Objects                 61             0

Symbol                     Shape Bytes    Text Bytes
-----------------------    -----------    ----------
graph                             0             0
credit one                        0             0
credit three                      0             0
credit two                        0             0
dirt                           3176             0
screen flicker                    0             0

Bitmap                     Compressed  Original    Compression
-----------------------    ----------  ----------  ------------
s5_1big(pinch)                127534     1920000   Imported JPEG